1	100	5998	600	2	2	0
-537.1602	153.8011	0.08147563	0	0	0	0	7	15	0
-537.1602	-116.1989	0.08147563	0	0	0	0	7	15	15
542.8398	153.8011	3.223068	0	3.141593	0	0	7	15	0
542.8398	-116.1989	3.223068	0	3.141593	0	0	7	15	15
9
2.839757	-101.1989	38	0	0
2.839757	18.80113	38	0	0
2.839757	138.8011	38	0	0
-1409.16	-893.1989	78	0	1.570796
1414.84	-893.1989	78	0	1.570796
1414.84	930.8011	78	0	1.570796
-1409.16	930.8011	78	0	1.570796
2.839757	-901.1989	58	0	0
2.839757	938.8011	58	0	0
16


-->raoyu(0.0000 , 0.0000)













2	100	5997	600	2	2	0
-531.4695	161.7595	-0.01644998	31.7	0	-0.0394	0	7	15	0
-531.4695	-108.2405	-0.01644998	31.7	0	0.0349	0	7	15	15
548.5305	161.7595	3.125143	0	3.141593	0	0	7	15	0
548.5305	-108.2405	3.125143	0	3.141593	0	0	7	15	15
9
8.530486	-93.24049	38	0	0
8.530486	26.75952	38	0	0
8.530486	146.7595	38	0	0
-1403.469	-885.2405	78	0	1.570796
1420.531	-885.2405	78	0	1.570796
1420.531	938.7595	78	0	1.570796
-1403.469	938.7595	78	0	1.570796
8.530486	-893.2405	58	0	0
8.530486	946.7595	58	0	0
16


-->raoyu(0.0000 , 0.0000)













3	100	5996	600	2	2	0
-542.3911	123.4116	0.02515411	60.23	-0.002532187	-0.07486	0	7	15	0
-542.0135	-145.7074	0.03258411	60.23	0.004897813	0.06631	0	7	15	15
534.8091	123.8788	3.169279	0	3.141593	0	0	7	15	0
534.8091	-146.1212	3.169279	0	3.141593	0	0	7	15	15
9
-5.190855	-131.1212	38	0	0
-5.190855	-11.12119	38	0	0
-5.190855	108.8788	38	0	0
-1417.191	-923.1212	78	0	1.570796
1406.809	-923.1212	78	0	1.570796
1406.809	900.8788	78	0	1.570796
-1417.191	900.8788	78	0	1.570796
-5.190855	-931.1212	58	0	0
-5.190855	908.8788	58	0	0
16


-->raoyu(0.0000 , 0.0000)













4	100	5995	600	2	2	0
-547.9998	135.1227	-0.05251676	85.907	-0.004128603	-0.106774	0	7	15	0
-546.8607	-132.2193	-0.03096976	85.907	0.0174184	0.094579	0	7	15	15
523.6042	136.5322	3.093204	0	3.141593	0	0	7	15	0
523.6042	-133.4678	3.093204	0	3.141593	0	0	7	15	15
9
-16.39582	-118.4678	38	0	0
-16.39582	1.532177	38	0	0
-16.39582	121.5322	38	0	0
-1428.396	-910.4678	78	0	1.570796
1395.604	-910.4678	78	0	1.570796
1395.604	913.5322	78	0	1.570796
-1428.396	913.5322	78	0	1.570796
-16.39582	-918.4678	58	0	0
-16.39582	921.5322	58	0	0
16


-->raoyu(0.0000 , 0.0000)













5	100	5994	600	2	2	0
-539.7857	105.1307	-0.07334977	109.0163	-0.001181853	-0.1354966	0	7	15	0
-537.4974	-159.53	-0.03166747	109.0163	0.04050045	0.1200211	0	7	15	0
523.4277	107.9621	3.069425	0	3.141593	0	0	7	15	0
523.4277	-162.0379	3.069425	0	3.141593	0	0	7	15	0
9
-16.57231	-147.0379	38	0	0
-16.57231	-27.03795	38	0	0
-16.57231	92.96205	38	0	0
-1428.572	-939.038	78	0	1.570796
1395.428	-939.038	78	0	1.570796
1395.428	884.962	78	0	1.570796
-1428.572	884.962	78	0	1.570796
-16.57231	-947.038	58	0	0
-16.57231	892.962	58	0	0
16


-->raoyu(0.0000 , 0.0000)













6	100	5993	600	2	2	0
-539.112	151.6678	-0.001600156	129.8147	-0.007203473	-0.1613469	0	7	15	0
-538.4807	-116.8591	0.06563392	129.8147	0.0600306	0.068619	0	7	15	0
512.2227	152.4489	3.147196	0	3.141593	0	0	7	15	0
512.2227	-117.5511	3.147196	0	3.141593	0	0	7	15	0
9
-27.77728	-102.5511	38	0	0
-27.77728	17.44894	38	0	0
-27.77728	137.4489	38	0	0
-1439.777	-894.5511	78	0	1.570796
1384.223	-894.5511	78	0	1.570796
1384.223	929.4489	78	0	1.570796
-1439.777	929.4489	78	0	1.570796
-27.77728	-902.5511	58	0	0
-27.77728	937.4489	58	0	0
16


-->raoyu(0.0000 , 0.0000)













7	100	5992	600	2	2	0
-474.9533	129.9437	-0.06096805	148.5332	-0.04412842	-0.1846122	0	7	15	15
-472.8166	-134.0705	0.02926261	148.5332	0.04610225	0.0223571	0	7	15	15
564.4376	133.1894	3.124753	0	3.141593	0	0	7	15	15
564.4376	-136.8106	3.124753	0	3.141593	0	0	7	15	15
9
24.43764	-121.8106	38	0	0
24.43764	-1.810614	38	0	0
24.43764	118.1894	38	0	0
-1387.562	-913.8106	78	0	1.570796
1436.438	-913.8106	78	0	1.570796
1436.438	910.1894	78	0	1.570796
-1387.562	910.1894	78	0	1.570796
24.43764	-921.8106	58	0	0
24.43764	918.1894	58	0	0
16


-->raoyu(0.0000 , 0.0000)













8	100	5991	600	2	2	0
-485.5288	119.0307	-0.04581718	165.3799	-0.08489763	-0.131251	0	7	15	15
-481.9725	-140.6711	0.06511042	165.3799	0.02602997	0.05502139	0	7	15	15
540.1284	125.231	3.180673	0	3.141593	0	0	7	15	15
540.1284	-144.769	3.180673	0	3.141593	0	0	7	15	15
9
0.128374	-129.769	38	0	0
0.128374	-9.768996	38	0	0
0.128374	110.231	38	0	0
-1411.872	-921.769	78	0	1.570796
1412.128	-921.769	78	0	1.570796
1412.128	902.231	78	0	1.570796
-1411.872	902.231	78	0	1.570796
0.128374	-929.769	58	0	0
0.128374	910.231	58	0	0
16


-->raoyu(0.0000 , 0.0000)













9	100	5990	600	2	2	0
-464.7794	108.8759	-0.05826957	180.5419	-0.1195908	-0.08322592	0	7	15	15
-458.8872	-147.7087	0.07128527	180.5419	0.009964011	0.08441925	0	7	15	15
545.8191	117.2726	3.202914	0	3.141593	0	0	7	15	15
545.8191	-152.7274	3.202914	0	3.141593	0	0	7	15	15
9
5.819103	-137.7274	38	0	0
5.819103	-17.72738	38	0	0
5.819103	102.2726	38	0	0
-1406.181	-929.7274	78	0	1.570796
1417.819	-929.7274	78	0	1.570796
1417.819	894.2726	78	0	1.570796
-1406.181	894.2726	78	0	1.570796
5.819103	-937.7274	58	0	0
5.819103	902.2726	58	0	0
16


-->raoyu(0.0000 , 0.0000)













10	100	5989	600	2	2	0
-455.2613	123.0865	-0.1566537	194.1877	-0.0840961	-0.04000333	0	7	15	15
-448.9998	-131.6365	-0.01033432	194.1877	0.06222326	0.1108773	0	7	15	0
537.5205	132.9109	3.069035	0	3.141593	0	0	7	15	15
537.5205	-137.0891	3.069035	0	3.141593	0	0	7	15	0
9
-2.479471	-122.0891	38	0	0
-2.479471	-2.089051	38	0	0
-2.479471	117.9109	38	0	0
-1414.479	-914.0891	78	0	1.570796
1409.521	-914.0891	78	0	1.570796
1409.521	909.9109	78	0	1.570796
-1414.479	909.9109	78	0	1.570796
-2.479471	-922.0891	58	0	0
-2.479471	917.9109	58	0	0
16


-->raoyu(0.0000 , 0.0000)













11	100	5988	600	2	2	0
-442.0527	113.8933	-0.02148062	206.4689	-0.02901255	-0.001102996	0	7	15	0
-435.4116	-137.9441	0.1399268	206.4689	0.1323949	0.0603896	0	7	15	0
531.8298	124.9526	3.149125	0	3.141593	0	0	7	15	0
531.8298	-145.0474	3.149125	0	3.141593	0	0	7	15	0
9
-8.1702	-130.0474	38	0	0
-8.1702	-10.04743	38	0	0
-8.1702	109.9526	38	0	0
-1420.17	-922.0474	78	0	1.570796
1403.83	-922.0474	78	0	1.570796
1403.83	901.9526	78	0	1.570796
-1420.17	901.9526	78	0	1.570796
-8.1702	-930.0474	58	0	0
-8.1702	909.9526	58	0	0
16


-->raoyu(0.0000 , 0.0000)













12	100	5987	600	2	2	0
-408.0492	148.3561	-0.0606925	217.522	-0.04192425	-0.0403927	0	7	15	3
-402.559	-100.8332	0.1068642	217.522	0.1256324	0.01495064	0	7	15	0
544.8306	159.4091	3.122824	0	3.141593	0	0	7	15	3
544.8306	-110.5909	3.122824	0	3.141593	0	0	7	15	0
9
4.830569	-95.5909	38	0	0
4.830569	24.40911	38	0	0
4.830569	144.4091	38	0	0
-1407.169	-887.5909	78	0	1.570796
1416.831	-887.5909	78	0	1.570796
1416.831	936.4091	78	0	1.570796
-1407.169	936.4091	78	0	1.570796
4.830569	-895.5909	58	0	0
4.830569	944.4091	58	0	0
16


-->raoyu(0.0000 , 0.0000)













13	100	5986	600	2	2	0
-380.272	126.5163	-0.008632416	227.4698	-0.04964148	-0.05555343	0	7	15	14
-374.9002	-119.9495	0.1644586	227.4698	0.1234495	-0.02594442	0	7	15	0
550.5213	137.3675	3.182602	0	3.141593	0	0	7	15	14
550.5213	-132.6325	3.182602	0	3.141593	0	0	7	15	0
9
10.5213	-117.6325	38	0	0
10.5213	2.367487	38	0	0
10.5213	122.3675	38	0	0
-1401.479	-909.6325	78	0	1.570796
1422.521	-909.6325	78	0	1.570796
1422.521	914.3675	78	0	1.570796
-1401.479	914.3675	78	0	1.570796
10.5213	-917.6325	58	0	0
10.5213	922.3675	58	0	0
16


-->raoyu(0.0000 , 0.0000)













14	100	5985	600	2	2	0
-383.9038	134.7116	0.01554698	236.4229	-0.04770289	-0.01509809	0	7	15	0
-378.5862	-108.8805	0.1915989	236.4229	0.128349	-0.06274998	0	7	15	0
523.788	145.3259	3.204843	0	3.141593	0	0	7	15	0
523.788	-124.6741	3.204843	0	3.141593	0	0	7	15	0
9
-16.21203	-109.6741	38	0	0
-16.21203	10.32587	38	0	0
-16.21203	130.3259	38	0	0
-1428.212	-901.6741	78	0	1.570796
1395.788	-901.6741	78	0	1.570796
1395.788	922.3259	78	0	1.570796
-1428.212	922.3259	78	0	1.570796
-16.21203	-909.6741	58	0	0
-16.21203	930.3259	58	0	0
16


-->raoyu(0.0000 , 0.0000)













15	100	5984	600	2	2	0
-330.7167	149.3127	-0.2199686	244.4806	-0.1454824	-0.05298828	0	7	15	15
-326.0752	-90.52365	-0.04868184	244.4806	0.02580435	-0.09587498	0	7	15	15
552.8724	159.6875	3.067106	0	3.141593	0	0	7	15	15
552.8724	-110.3125	3.067106	0	3.141593	0	0	7	15	15
9
12.8724	-95.31245	38	0	0
12.8724	24.68754	38	0	0
12.8724	144.6875	38	0	0
-1399.128	-887.3124	78	0	1.570796
1424.872	-887.3124	78	0	1.570796
1424.872	936.6876	78	0	1.570796
-1399.128	936.6876	78	0	1.570796
12.8724	-895.3124	58	0	0
12.8724	944.6876	58	0	0
16


-->raoyu(0.0000 , 0.0000)













16	100	5983	600	2	2	0
-300.6824	125.0728	-0.2309615	251.7325	-0.2404221	-0.01278945	0	7	15	15
-295.7628	-110.1147	-0.06396344	251.7325	-0.07342398	-0.05138748	0	7	15	15
558.5631	137.6459	3.151053	0	3.141593	0	0	7	15	15
558.5631	-132.3541	3.151053	0	3.141593	0	0	7	15	15
9
18.56312	-117.3541	38	0	0
18.56312	2.645924	38	0	0
18.56312	122.6459	38	0	0
-1393.437	-909.3541	78	0	1.570796
1430.563	-909.3541	78	0	1.570796
1430.563	914.6459	78	0	1.570796
-1393.437	914.6459	78	0	1.570796
18.56312	-917.3541	58	0	0
18.56312	922.6459	58	0	0
16


-->raoyu(0.0000 , 0.0000)













