1	100	5999	600	2	2	1
-529.8607	-111.8791	8.742278E-08	0	8.742278E-08	0	0	7	15	15
-529.8607	158.1209	8.742278E-08	0	8.742278E-08	0	0	7	15	15
550.1393	-111.8791	8.742278E-08	0	3.141593	0	0	7	15	15
550.1393	158.1209	8.742278E-08	0	3.141593	0	0	7	15	15
9
10.13936	143.1209	38	0	3.141593
10.13936	23.12088	38	0	3.141593
10.13936	-96.87912	38	0	3.141593
1422.139	935.1209	78	0	-1.570796
-1401.861	935.1209	78	0	-1.570796
-1401.861	-888.8791	78	0	-1.570796
1422.139	-888.8791	78	0	-1.570796
10.13936	943.1209	58	0	3.141593
10.13936	-896.8791	58	0	3.141593
16


-->raoyu(0.0000 , 0.0000)













2	100	5998	600	2	2	1
-565.7712	-122.4227	8.742278E-08	31.7	8.742278E-08	0.0349	0	7	15	15
-565.7712	147.5773	8.742278E-08	31.7	8.742278E-08	0.0349	0	7	15	15
514.2288	-122.4227	8.742278E-08	0	3.141593	0	0	7	15	15
514.2288	147.5773	8.742278E-08	0	3.141593	0	0	7	15	15
9
-25.77126	132.5773	38	0	3.141593
-25.77126	12.57734	38	0	3.141593
-25.77126	-107.4227	38	0	3.141593
1386.229	924.5773	78	0	-1.570796
-1437.771	924.5773	78	0	-1.570796
-1437.771	-899.4227	78	0	-1.570796
1386.229	-899.4227	78	0	-1.570796
-25.77126	932.5773	58	0	3.141593
-25.77126	-907.4227	58	0	3.141593
16


-->raoyu(0.0000 , 0.0000)













3	100	5997	600	2	2	1
-515.5864	-108.103	0.004462631	60.23	0.004462631	0.06631	0	7	15	15
-515.5864	161.897	0.004462631	60.23	0.004462631	0.06631	0	7	15	10
562.4316	-108.061	8.742278E-08	0	3.141593	0	0	7	15	15
562.4316	161.939	8.742278E-08	0	3.141593	0	0	7	15	10
9
22.43163	146.939	38	0	3.141593
22.43163	26.93901	38	0	3.141593
22.43163	-93.06099	38	0	3.141593
1434.432	938.939	78	0	-1.570796
-1389.568	938.939	78	0	-1.570796
-1389.568	-885.061	78	0	-1.570796
1434.432	-885.061	78	0	-1.570796
22.43163	946.939	58	0	3.141593
22.43163	-893.061	58	0	3.141593
16


-->raoyu(0.0000 , 0.0000)













4	100	5996	600	2	2	1
-504.9506	-130.2728	0.01541248	85.907	0.01541248	0.094579	0	7	15	15
-504.9506	139.7272	0.01541248	85.907	0.01541248	0.073379	0	7	15	0
568.1224	-130.1026	8.742278E-08	0	3.141593	0	0	7	15	15
568.1224	139.8974	8.742278E-08	0	3.141593	0	0	7	15	0
9
28.12236	124.8974	38	0	3.141593
28.12236	4.897393	38	0	3.141593
28.12236	-115.1026	38	0	3.141593
1440.122	916.8974	78	0	-1.570796
-1383.878	916.8974	78	0	-1.570796
-1383.878	-907.1026	78	0	-1.570796
1440.122	-907.1026	78	0	-1.570796
28.12236	924.8974	58	0	3.141593
28.12236	-915.1026	58	0	3.141593
16


-->raoyu(0.0000 , 0.0000)













5	100	5995	600	2	2	1
-521.3677	-122.5662	0.03529898	109.0163	0.03529898	0.1200211	0	7	15	15
-521.3436	147.4902	0.0331792	109.0163	0.0331792	0.0266411	0	7	15	0
543.8131	-122.1442	8.742278E-08	0	3.141593	0	0	7	15	15
543.8131	147.8558	8.742278E-08	0	3.141593	0	0	7	15	0
9
3.813087	132.8558	38	0	3.141593
3.813087	12.85578	38	0	3.141593
3.813087	-107.1442	38	0	3.141593
1415.813	924.8558	78	0	-1.570796
-1408.187	924.8558	78	0	-1.570796
-1408.187	-899.1442	78	0	-1.570796
1415.813	-899.1442	78	0	-1.570796
3.813087	932.8558	58	0	3.141593
3.813087	-907.1442	58	0	3.141593
16


-->raoyu(0.0000 , 0.0000)













6	100	5994	600	2	2	1
-515.1949	-161.5675	0.04190508	129.8147	0.04190508	0.142919	0	7	15	15
-515.5281	107.655	0.03044716	129.8147	0.03044716	-0.01542301	0	7	15	0
539.5266	-162.2175	8.742278E-08	0	3.141593	0	0	7	15	15
539.5266	107.7826	8.742278E-08	0	3.141593	0	0	7	15	0
9
-0.473456	92.78255	38	0	3.141593
-0.473456	-27.21745	38	0	3.141593
-0.473456	-147.2175	38	0	3.141593
1411.526	884.7825	78	0	-1.570796
-1412.474	884.7825	78	0	-1.570796
-1412.474	-939.2175	78	0	-1.570796
1411.526	-939.2175	78	0	-1.570796
-0.473456	892.7825	58	0	3.141593
-0.473456	-947.2175	58	0	3.141593
16


-->raoyu(0.0000 , 0.0000)













7	100	5993	600	2	2	1
-508.3832	-138.3536	0.05229631	148.5332	0.05229631	0.1635271	0	7	15	15
-509.2731	129.5701	0.02500406	148.5332	0.02500406	-0.05328071	0	7	15	12
533.8358	-140.1758	8.742278E-08	0	3.141593	0	0	7	15	15
533.8358	129.8242	8.742278E-08	0	3.141593	0	0	7	15	12
9
-6.164185	114.8242	38	0	3.141593
-6.164185	-5.17583	38	0	3.141593
-6.164185	-125.1758	38	0	3.141593
1405.836	906.8242	78	0	-1.570796
-1418.164	906.8242	78	0	-1.570796
-1418.164	-917.1758	78	0	-1.570796
1405.836	-917.1758	78	0	-1.570796
-6.164185	914.8242	58	0	3.141593
-6.164185	-925.1758	58	0	3.141593
16


-->raoyu(0.0000 , 0.0000)













8	100	5992	600	2	2	1
-499.5503	-145.0901	0.06845251	165.3799	0.06845251	0.1820744	0	7	15	15
-501.1344	121.2136	0.01947943	165.3799	0.01947943	-0.02355264	0	7	15	15
528.1451	-148.1342	8.742278E-08	0	3.141593	0	0	7	15	15
528.1451	121.8658	8.742278E-08	0	3.141593	0	0	7	15	15
9
-11.85491	106.8658	38	0	3.141593
-11.85491	-13.13421	38	0	3.141593
-11.85491	-133.1342	38	0	3.141593
1400.145	898.8658	78	0	-1.570796
-1423.855	898.8658	78	0	-1.570796
-1423.855	-925.1342	78	0	-1.570796
1400.145	-925.1342	78	0	-1.570796
-11.85491	906.8658	58	0	3.141593
-11.85491	-933.1342	58	0	3.141593
16


-->raoyu(0.0000 , 0.0000)













9	100	5991	600	2	2	1
-479.7229	-155.9803	0.03534904	180.5419	0.03534904	0.1987669	0	7	15	15
-481.9872	106.4028	-0.03418652	180.5419	-0.03418652	0.01370263	0	7	15	15
531.4847	-162.4959	8.742278E-08	0	3.141593	0	0	7	15	15
531.4847	107.5041	8.742278E-08	0	3.141593	0	0	7	15	15
9
-8.515283	92.50412	38	0	3.141593
-8.515283	-27.49588	38	0	3.141593
-8.515283	-147.4959	38	0	3.141593
1403.485	884.5041	78	0	-1.570796
-1420.515	884.5041	78	0	-1.570796
-1420.515	-939.4959	78	0	-1.570796
1403.485	-939.4959	78	0	-1.570796
-8.515283	892.5041	58	0	3.141593
-8.515283	-947.4959	58	0	3.141593
16


-->raoyu(0.0000 , 0.0000)













10	100	5990	600	2	2	1
-466.8516	-130.2939	0.001329811	194.1877	0.001329811	0.2137903	0	7	15	15
-470.5703	127.6957	-0.08671227	194.1877	-0.08671227	0.04723237	0	7	15	15
525.794	-140.4543	8.742278E-08	0	3.141593	0	0	7	15	15
525.794	129.5457	8.742278E-08	0	3.141593	0	0	7	15	15
9
-14.20601	114.5457	38	0	3.141593
-14.20601	-5.454267	38	0	3.141593
-14.20601	-125.4543	38	0	3.141593
1397.794	906.5457	78	0	-1.570796
-1426.206	906.5457	78	0	-1.570796
-1426.206	-917.4543	78	0	-1.570796
1397.794	-917.4543	78	0	-1.570796
-14.20601	914.5457	58	0	3.141593
-14.20601	-925.4543	58	0	3.141593
16


-->raoyu(0.0000 , 0.0000)













11	100	5989	600	2	2	1
-424.885	-107.604	0.04078547	206.4689	0.04078547	0.2273112	0	7	15	15
-427.7422	150.3959	-0.0639123	206.4689	-0.0639123	0.07740913	0	7	15	15
550.8664	-115.1841	8.742278E-08	0	3.141593	0	0	7	15	15
550.8664	154.8159	8.742278E-08	0	3.141593	0	0	7	15	15
9
10.86638	139.8159	38	0	3.141593
10.86638	19.81594	38	0	3.141593
10.86638	-100.1841	38	0	3.141593
1422.866	931.8159	78	0	-1.570796
-1401.134	931.8159	78	0	-1.570796
-1401.134	-892.1841	78	0	-1.570796
1422.866	-892.1841	78	0	-1.570796
10.86638	939.8159	58	0	3.141593
10.86638	-900.1841	58	0	3.141593
16


-->raoyu(0.0000 , 0.0000)













12	100	5988	600	2	2	1
-400.4411	-102.5549	0.09343973	217.522	0.09343973	0.2394801	0	7	15	15
-402.4761	156.3635	-0.02624813	217.522	-0.02624813	0.1045682	0	7	15	15
556.5571	-107.2257	8.742278E-08	0	3.141593	0	0	7	15	15
556.5571	162.7743	8.742278E-08	0	3.141593	0	0	7	15	15
9
16.55711	147.7743	38	0	3.141593
16.55711	27.77432	38	0	3.141593
16.55711	-92.22568	38	0	3.141593
1428.557	939.7743	78	0	-1.570796
-1395.443	939.7743	78	0	-1.570796
-1395.443	-884.2257	78	0	-1.570796
1428.557	-884.2257	78	0	-1.570796
16.55711	947.7743	58	0	3.141593
16.55711	-892.2257	58	0	3.141593
16


-->raoyu(0.0000 , 0.0000)













13	100	5987	600	2	2	1
-375.1389	-126.8363	0.1611313	227.4698	0.1611313	0.2504321	0	7	15	15
-376.3916	131.9073	0.02795211	227.4698	0.02795211	0.1290114	0	7	15	0
562.2479	-129.2673	8.742278E-08	0	3.141593	0	0	7	15	15
562.2479	140.7327	8.742278E-08	0	3.141593	0	0	7	15	0
9
22.24784	125.7327	38	0	3.141593
22.24784	5.732704	38	0	3.141593
22.24784	-114.2673	38	0	3.141593
1434.248	917.7327	78	0	-1.570796
-1389.752	917.7327	78	0	-1.570796
-1389.752	-906.2673	78	0	-1.570796
1434.248	-906.2673	78	0	-1.570796
22.24784	925.7327	58	0	3.141593
22.24784	-914.2673	58	0	3.141593
16


-->raoyu(0.0000 , 0.0000)













14	100	5986	600	2	2	1
-395.5025	-109.959	0.1374001	236.4229	0.1374001	0.2602889	0	7	15	15
-395.6546	146.0194	-0.007920893	236.4229	-0.007920893	0.07671025	0	7	15	15
521.0918	-114.9056	8.742278E-08	0	3.141593	0	0	7	15	15
521.0918	155.0944	8.742278E-08	0	3.141593	0	0	7	15	15
9
-18.90821	140.0944	38	0	3.141593
-18.90821	20.09438	38	0	3.141593
-18.90821	-99.90562	38	0	3.141593
1393.092	932.0944	78	0	-1.570796
-1430.908	932.0944	78	0	-1.570796
-1430.908	-891.9056	78	0	-1.570796
1393.092	-891.9056	78	0	-1.570796
-18.90821	940.0944	58	0	3.141593
-18.90821	-899.9056	58	0	3.141593
16


-->raoyu(0.0000 , 0.0000)













15	100	5985	600	2	2	1
-379.4904	-100.694	0.1231798	244.4806	0.1231798	0.26916	0	7	15	15
-378.4329	153.7734	-0.04049889	244.4806	-0.04049889	0.1039392	0	7	15	15
515.4011	-106.9472	8.742278E-08	0	3.141593	0	0	7	15	15
515.4011	163.0528	8.742278E-08	0	3.141593	0	0	7	15	15
9
-24.59893	148.0528	38	0	3.141593
-24.59893	28.05276	38	0	3.141593
-24.59893	-91.94724	38	0	3.141593
1387.401	940.0527	78	0	-1.570796
-1436.599	940.0527	78	0	-1.570796
-1436.599	-883.9473	78	0	-1.570796
1387.401	-883.9473	78	0	-1.570796
-24.59893	948.0527	58	0	3.141593
-24.59893	-891.9473	58	0	3.141593
16


-->raoyu(0.0000 , 0.0000)













